0.077777778
0.155555556
0.233333333
0.311111111
0.388888889
0.466666667
0.544444444
0.622222222
0.7
0.777777778
0.1
0.2
0.3
0.4
0.5
0.6
0.7
0.8
0.9
1
0.4
0.466666667
0.555555556
0.622222222
0.711111111
0.533333333
0.622222222
0.744444444
0.822222222
0.911111111
0.333333333
0.377777778
0.477777778
0.566666667
0.644444444
0.466666667
0.555555556
0.666666667
0.777777778
0.855555556
0.055555556
0.111111111
0.177777778
0.244444444
0.333333333
0.4
0.444444444
0.522222222
0.622222222
0.688888889
0.066666667
0.133333333
0.211111111
0.277777778
0.377777778
0.444444444
0.511111111
0.577777778
0.688888889
0.755555556
0.311111111
0.377777778
0.444444444
0.533333333
0.6
0.377777778
0.444444444
0.511111111
0.4
0.7
0.3
0.344444444
0.411111111
0.466666667
0.555555556
0.344444444
0.4
0.466666667
0.366666667
0.644444444
0.051111111
0.102222222
0.153333333
0.204444444
0.255555556
0.306666667
0.357777778
0.408888889
0.46
0.511111111
0.055555556
0.111111111
0.166666667
0.222222222
0.277777778
0.333333333
0.388888889
0.444444444
0.5
0.555555556
0.288888889
0.333333333
0.382222222
0.433333333
0.477777778
0.311111111
0.355555556
0.4
0.466666667
0.511111111
0.277777778
0.322222222
0.371111111
0.415555556
0.462222222
0.288888889
0.333333333
0.388888889
0.44
0.466666667
0.066666667
0.133333333
0.2
0.266666667
0.333333333
0.411111111
0.488888889
0.555555556
0.622222222
0.711111111
0.077777778
0.166666667
0.255555556
0.366666667
0.455555556
0.555555556
0.644444444
0.755555556
0.844444444
0.933333333
0.333333333
0.422222222
0.488888889
0.577777778
0.655555556
0.366666667
0.511111111
0.577777778
0.688888889
0.777777778
0.3
0.388888889
0.444444444
0.488888889
0.566666667
0.322222222
0.422222222
0.488888889
0.544444444
0.622222222
0.055555556
0.111111111
0.155555556
0.2
0.266666667
0.333333333
0.355555556
0.4
0.488888889
0.577777778
0.062222222
0.133333333
0.188888889
0.222222222
0.322222222
0.355555556
0.4
0.466666667
0.577777778
0.622222222
0.046666667
0.093333333
0.14
0.186666667
0.233333333
0.28
0.326666667
0.373333333
0.42
0.466666667
0.048888889
0.095555556
0.144444444
0.191111111
0.24
0.286666667
0.335555556
0.382222222
0.431111111
0.477777778
0.044444444
0.088888889
0.111111111
0.144444444
0.166666667
0.2
0.222222222
0.255555556
0.288888889
0.322222222
0.055555556
0.111111111
0.133333333
0.166666667
0.2
0.233333333
0.244444444
0.288888889
0.311111111
0.355555556
0.033333333
0.055555556
0.077777778
0.1
0.122222222
0.144444444
0.166666667
0.188888889
0.211111111
0.233333333
0.044444444
0.066666667
0.088888889
0.111111111
0.133333333
0.155555556
0.177777778
0.2
0.222222222
0.255555556
0.022222222
0.04
0.055555556
0.077777778
0.093333333
0.111111111
0.133333333
0.151111111
0.166666667
0.188888889
0.028888889
0.048888889
0.066666667
0.093333333
0.111111111
0.133333333
0.151111111
0.166666667
0.188888889
0.204444444
0.037777778
0.077777778
0.1
0.122222222
0.155555556
0.177777778
0.2
0.233333333
0.244444444
0.288888889
0.044444444
0.088888889
0.111111111
0.133333333
0.177777778
0.2
0.217777778
0.244444444
0.266666667
0.311111111
0.015555556
0.028888889
0.044444444
0.055555556
0.071111111
0.088888889
0.102222222
0.113333333
0.133333333
0.148888889
0.02
0.033333333
0.048888889
0.062222222
0.077777778
0.095555556
0.111111111
0.122222222
0.137777778
0.155555556
0.011111111
0.02
0.033333333
0.044444444
0.055555556
0.064444444
0.073333333
0.088888889
0.1
0.111111111
0.013333333
0.022222222
0.037777778
0.048888889
0.057777778
0.066666667
0.077777778
0.095555556
0.106666667
0.115555556
0.088888889
0.177777778
0.266666667
0.333333333
0.422222222
0.488888889
0.588888889
0.666666667
0.733333333
0.833333333
0.111111111
0.222222222
0.322222222
0.444444444
0.555555556
0.644444444
0.744444444
0.844444444
0.955555556
1.066666667
0.066666667
0.133333333
0.2
0.266666667
0.366666667
0.433333333
0.477777778
0.555555556
0.655555556
0.722222222
0.088888889
0.155555556
0.233333333
0.311111111
0.377777778
0.477777778
0.533333333
0.6
0.644444444
0.766666667
0.077777778
0.155555556
0.222222222
0.288888889
0.377777778
0.455555556
0.511111111
0.588888889
0.677777778
0.777777778
0.1
0.177777778
0.255555556
0.333333333
0.4
0.5
0.555555556
0.622222222
0.7
0.8
0.055555556
0.122222222
0.211111111
0.233333333
0.3
0.355555556
0.377777778
0.433333333
0.522222222
0.611111111
0.077777778
0.155555556
0.255555556
0.277777778
0.333333333
0.388888889
0.422222222
0.455555556
0.555555556
0.666666667
0.055555556
0.111111111
0.133333333
0.166666667
0.188888889
0.222222222
0.244444444
0.277777778
0.311111111
0.355555556
0.077777778
0.133333333
0.155555556
0.2
0.222222222
0.266666667
0.277777778
0.322222222
0.344444444
0.377777778
0.044444444
0.066666667
0.1
0.115555556
0.137777778
0.166666667
0.188888889
0.211111111
0.233333333
0.266666667
0.06
0.077777778
0.106666667
0.133333333
0.155555556
0.177777778
0.2
0.222222222
0.244444444
0.288888889
0.048888889
0.1
0.122222222
0.137777778
0.173333333
0.195555556
0.215555556
0.248888889
0.266666667
0.322222222
0.066666667
0.111111111
0.128888889
0.153333333
0.195555556
0.222222222
0.244444444
0.266666667
0.288888889
0.333333333
0.026666667
0.04
0.055555556
0.066666667
0.084444444
0.1
0.115555556
0.133333333
0.155555556
0.173333333
0.033333333
0.044444444
0.066666667
0.077777778
0.093333333
0.111111111
0.133333333
0.144444444
0.155555556
0.177777778
0.066666667
0.122222222
0.166666667
0.222222222
0.288888889
0.333333333
0.444444444
0.511111111
0.544444444
0.577777778
0.084444444
0.155555556
0.2
0.266666667
0.333333333
0.377777778
0.5
0.555555556
0.577777778
0.622222222
0.051111111
0.104444444
0.155555556
0.2
0.277777778
0.333333333
0.377777778
0.422222222
0.488888889
0.555555556
0.06
0.122222222
0.177777778
0.222222222
0.311111111
0.366666667
0.411111111
0.466666667
0.533333333
0.6
0.046666667
0.093333333
0.14
0.188888889
0.24
0.284444444
0.333333333
0.377777778
0.422222222
0.477777778
0.048888889
0.097777778
0.144444444
0.2
0.248888889
0.3
0.355555556
0.411111111
0.444444444
0.511111111
0.055555556
0.104444444
0.151111111
0.2
0.244444444
0.3
0.344444444
0.4
0.444444444
0.5
0.062222222
0.111111111
0.166666667
0.244444444
0.288888889
0.355555556
0.4
0.444444444
0.5
0.577777778
0.048888889
0.097777778
0.144444444
0.193333333
0.244444444
0.3
0.344444444
0.377777778
0.444444444
0.477777778
0.053333333
0.108888889
0.155555556
0.211111111
0.266666667
0.322222222
0.377777778
0.411111111
0.477777778
0.522222222
0.046666667
0.093333333
0.137777778
0.182222222
0.226666667
0.273333333
0.32
0.364444444
0.408888889
0.455555556
0.048888889
0.095555556
0.14
0.184444444
0.228888889
0.277777778
0.326666667
0.371111111
0.417777778
0.462222222
0.044444444
0.088888889
0.133333333
0.177777778
0.224444444
0.268888889
0.313333333
0.357777778
0.402222222
0.444444444
0.044444444
0.088888889
0.133333333
0.18
0.222222222
0.266666667
0.311111111
0.36
0.402222222
0.446666667
0.033333333
0.066666667
0.088888889
0.111111111
0.144444444
0.166666667
0.188888889
0.211111111
0.244444444
0.266666667
0.044444444
0.088888889
0.111111111
0.133333333
0.166666667
0.2
0.211111111
0.244444444
0.266666667
0.3
0.022222222
0.037777778
0.055555556
0.08
0.1
0.122222222
0.144444444
0.166666667
0.188888889
0.211111111
0.026666667
0.042222222
0.062222222
0.088888889
0.111111111
0.133333333
0.155555556
0.182222222
0.202222222
0.222222222
0.015555556
0.026666667
0.044444444
0.06
0.077777778
0.093333333
0.106666667
0.122222222
0.137777778
0.155555556
0.02
0.031111111
0.055555556
0.066666667
0.088888889
0.106666667
0.12
0.133333333
0.151111111
0.171111111
